8
87
154
210
258
305
345
388
422
446
465
485
500
509
515
528
538
550
558
563
567
572
575
583
589
594
596
597
595
592
587
582
575
585
597
566
565
567
570
572
584
593
597
598
603
606
618
626
633
637
628
618
621
622
613
604
557
531
528
535
539
540
546
549
502
460
473
490
501
514
520
528
524
547
571
536
540
549
548
561
531
503
517
493
470
450
429
433
415
401
386
381
374
365
367
366
377
367
357
355
348
351
346
339
331
330
334
332
333
334
329
323
319
324
327
326
321
324
325
321
325
324
320
323
320
325
323
329
324
323
319
318
326
329
324
327
325
330
331
329
325
327
324
326
325
332
335
338
333
336
341
343
339
342
341
339
344
345
343
351
354
349
352
347
350
348
341
342
339
341
340
337
342
343
340
345
346
347
358
362
357
359
358
