16
174
309
421
517
611
691
776
845
893
931
970
1001
1018
1030
1057
1077
1100
1116
1127
1135
1145
1150
1167
1179
1188
1193
1194
1191
1184
1175
1164
1150
1170
1195
1133
1131
1134
1141
1144
1169
1187
1194
1197
1207
1213
1236
1252
1267
1275
1256
1237
1243
1245
1227
1209
1115
1062
1057
1070
1078
1081
1092
1098
1004
921
946
981
1003
1028
1040
1057
1049
1094
1143
1073
1081
1098
1096
1122
1062
1006
1034
986
940
900
859
867
831
802
772
763
748
731
735
733
754
735
715
710
697
703
692
678
662
661
668
664
667
668
658
646
639
649
654
652
642
648
650
643
651
649
641
646
640
650
647
659
648
647
639
637
653
658
649
655
651
661
662
659
651
654
648
653
651
650
665
671
677
667
673
683
686
679
685
683
678
689
691
687
703
708
698
704
695
700
696
683
684
679
682
680
674
684
686
681
691
692
694
716
725
714
719
716
